0.0
0.03727092277154596
0.03685315976549878
0.04715413377648525
0.11181738448045053
0.00454923140839219
0.016920555786363846
8.078290172182985e-05
0.005620181876933019
0.0
0.00035775285048238935
0.04592623367031344
0.1778585606794996
0.08927895490006
0.0
0.02270922771545954
0.0069611780455153946
0.07787471725984398
0.04986382310852606
0.1979527304620782
0.052416562802935884
0.012306698056594192
0.00010155564787887181
0.006125652033421041
0.0
0.0
0.1108587368001594
0.0
0.0
0.003785614664275752
0.22519758251975824
0.0
0.0
0.0
0.23011224015408116
0.0
0.0
0.017918576077571892
0.0006375772066148635
0.0
0.13968253968253969
0.0
0.0
0.022501162250116225
0.019246861924686193
0.0023643488078634524
0.22741581988443912
0.0002789400278940028
0.0
0.0
0.0
0.0
0.08398111232376328
0.0
0.021404548188074926
0.0
0.1546317125865871
0.0
0.0
0.013135621533732766
0.18383745016370803
0.0
5.568300777334788e-06
0.01640978239080562
0.0
0.001715036639419115
0.1877519656101744
0.0
0.00565182528899481
0.024327906096175692
0.0
0.09722809987304275
0.20890594026326925
0.0
0.0
0.0
0.0010134307414749314
0.0
0.09103241382607448
0.0
0.002354544150690826
0.011384280728593967
0.328650141033609
0.0
0.0
0.007111440455132189
0.34642276617105705
0.0
0.0
0.0
0.004547736291055123
0.0009023760577520676
0.10571544676578859
0.0003645360233303055
0.0053186403403929815
0.0027071281732562033
0.003681216235597839
0.0
0.08669383754840561
0.002886408184730124
0.0
0.0
0.00022708801453363294
0.0
0.042798913043478264
0.017328414227292293
0.05156653572965992
0.03147869134739561
0.0003665787774429617
0.009421747201894103
0.02073187957382695
0.0024029407016788636
0.008961001399052948
0.0
0.0
0.029129560374515712
0.1120520340077486
0.13844066132156693
0.014331884954799827
0.019331145071028843
0.014204086848902281
0.19247739991390445
0.1439006672406371
0.11834777227722772
0.005555854498493327
0.006115811988807576
0.0
0.021056419500645716
0.0
0.0
0.16893367254953023
0.0
0.0
0.0
0.1920711552715399
0.13596025561409483
0.0
0.0
0.2802139465934814
0.0
0.0
0.01760852581181514
0.0
0.0
0.07087481720387027
0.0
0.0
0.032172118832508666
0.0
0.0
0.10216550812315951
0.0
0.0
0.0
0.0
0.0
0.11495881508350336
0.0
0.0
0.0
0.21255573188241517
0.0
0.0019081085165873195
0.0
0.23197687599183858
0.0
0.0
0.024729842061512883
0.0013602357742008614
0.1427869719640293
0.11495881508350336
0.0
0.0
0.09410186654575682
0.0
0.0
0.05803672636590342
0.0
0.0
0.0
0.0026260107307488853
0.0
0.20059679224170085
0.0
0.0
0.0
0.06523685192092503
0.0
0.0
0.0
0.3624207385303991
0.0
0.0
0.0
0.0014173815740395376
0.0
0.2580566952629616
0.0
0.0
0.02381574039537486
0.0
0.0013800820589332339
0.0845580007459903
0.0
0.0
0.0
0.0025177172696754942
0.0
0.06947765775175686
0.02898490970561557
0.07161399876003653
0.0696624306338168
0.023815850153773795
0.002924298092105464
0.016095092371170544
0.013974021849011541
0.01130779497234515
0.0
0.00023516548625808953
0.053532216144568746
0.06839039913996622
0.12520882389769997
0.04728353322399665
0.025652889634088613
0.010791652541467005
0.021083960186788587
0.14369222029814097
0.13598367890443425
0.044585238326476886
0.010141129832727094
0.0
0.005563038093754677
0.0
0.0
0
0
0
0
0
0
0
0
0
0
0
0
0
0
0
0
0
0
0
0
0
0
0
0
0
0
0.8040201005025126
0.0
0.0
0.0
0.0
0.0
0.0
0.19597989949748743
0.0
0.0
0.0
0.0
0.0
0.0
0.0
0.0
0.0
0.0
0.0
0.0
0.0
0.0
0.0
0.0
0.0
0.0
0.13292064954508812
0.0006910054128757342
0.00489462167453645
0.001416561096395255
0.15703673845445124
0.0
0.00033398594955660486
0.0
0.22454796729241044
0.0
0.0
0.16699297477830244
0.00010940919037199125
0.001451111367039042
0.10308649084417829
0.0
0.0
0.0
0.0037774962570540135
0.04057929287112749
0.15742830818841413
0.003121041114822066
0.0
0.0007370724404007832
0.00087527352297593
0.0
0.14189423070871593
0.0041348580491274
0.0
0.0
0.14436129974259407
0.0
0.0
0.00012587086907541554
0.1623545404769247
0.0
0.0
0.0
0.060480952590737165
0.08227549357114536
0.1435179649197888
0.04602468327742569
0.038038176634590574
0.0
0.0022342079260886257
6.293543453770777e-05
0.17156199454979137
0.002932791249457182
0.0
0.0
0.0
0.0
0.07197531547487271
0.0008191277396502103
0.03027451848572061
0.0755340934248395
0.1603940668585344
0.007662718618552136
0.013532211644897055
0.0005949745406243082
0.16945705114013726
0.0
0.0
0.0003237768430374142
0.0006254150985167147
0.0038355102944432145
0.11719614788576489
0.0020035421740092984
0.023652313482399823
6.91830861191056e-05
0.04477252601284038
0.21879289351339384
0.04793557671020589
0.007430263449191942
0.0
0.0011622758468009741
0.0019564976754483064
0.0
0.0014052308862894023
0.026106447953332626
0.04541980415879795
0.075567147758314
0.0034788032916676665
0.01214667868538937
0.013521063040028515
0.0006066484557883516
0.00505197640583068
0.000260481822824377
0.0
0.09087388224165173
0.08126347393639445
0.2473377729489627
0.0
0.04655427104504622
0.015861972053042326
0.17145873248174057
0.10924470553558148
0.04312345124705673
0.0
0.009740649216669466
0.0
0.0009768068355914138
0.0
0.0
0.060527995622834216
0.0
0.0
0.0
0.1743115082983768
0.0
0.0
0.03489193871967901
0.10644834032463979
0.0
0.0
0.051255015502462156
0.0
0.0
0.1640753237278862
0.027351586722597118
0.0
0.14248016596753602
0.05887515958416925
0.10579290534378989
0.06876937807769469
0.0
0.0
0.0
0.005220682108334853
0.0
0.0005515491637135805
0.0
0.0
0.0
0.0
0.0
0.0
0.0
0.0
0.0
0.0
0.0
0.0
0.0
0.0
0.0
0.0
0.0
0.0
0.0
0.9994484508362864
0.0
0.0
0.0
0.0
0.0
0.1568776523406138
0.01806295161475316
0.008244990250856123
0.00673755960085858
0.27993314872769576
0.004541954088905638
0.010866608772590979
0.0023955039242352246
0.1827235339417673
0.0
0.0
0.0
0.012000458783241304
0.007301207583031574
0.0740705543084662
0.01807605970736183
0.006685127230423883
0.015529812718126854
0.017751634415297143
0.06479330176467697
0.10571021284265374
0.006501613933902443
0.0
0.0
0.001196113450541528
0.0
0.05512551867550767
0.0
0.03854384940948335
0.0036709946768982487
0.20902024947454703
0.0010843946048179015
0.0
0.0
0.18289590768612518
0.0
0.0
0.00035721234041060284
0.001224728024264924
0.003993123662447096
0.036502636035708476
0.023757810033201612
0.012090999843719601
0.0
0.12692519909803884
0.20296677606294591
0.10151528199043819
0.00024558348403228947
0.0
0.0
7.973489741308099e-05
0.0
0.2105833088980457
0.0
0.0
0.0
0.22567402811858572
0.00023149219871290336
0.0
0.004444650215287745
0.23146133308640832
0.0
0.0
0.0
0.0005607255479934771
0.0010751526562443735
0.050046041226188456
0.0
0.011893554742760725
0.03871578416696246
0.0022814842250927256
0.005285738537277961
0.21715254307040963
0.0
2.572135541254482e-05
0.0
0.0005684419546172405
0.0
0.09912347970407252
0.00708514398123965
0.013584953191741593
0.03240828211654089
0.05941333155510112
0.0007205545120790128
0.0038361655386006054
0.0
0.11119323086270196
0.0
0.0
0.03282875994235564
0.20139035531302443
0.05806669111735962
0.04362781599742156
0.026201140291407805
0.0
0.09531880369427742
0.12257762168850558
0.08635169728560262
0.004469660765158504
0.000551992916708344
0.0
0.0012503195261011147
0.0
0.0
0.0653174681652878
0.0
0.0
0.0
0.32785084105167167
0.0
0.0
0.0
0.4310403550984981
0.0
0.0
0.0
0.0
0.0
0.16092598086071833
0.0
0.0
0.0
0.0
0.0
0.01486535482382412
0.0
0.0
0.0
0.0
0.0
0.0
0.0
0.0
0.0
0.0
0.0
0.0
0.0
0.0
0.0
0.0
0.0
1.0
0.0
0.0
0.0
0.0
0.0
0.0
0.0
0.0
0.0
0.0
0.0
0.0
0.0
0.027142944672507812
0.0
0.03345383248575455
0.0
0.12033576373996692
0.0
0.0
0.005085472703878439
0.379939954659641
0.0
0.0
0.0
0.0
0.0
0.005514367992157343
0.2500459530666013
0.011396360517125175
0.0
0.0
0.1255437779547822
0.04154157220758532
0.0
0.0
0.0
0.0
0.0
0.0
0.0
0.05277777777777778
0.00034722222222222224
0.0
0.0
0.0
0.0
0.022222222222222223
0.0
0.0
0.0954861111111111
0.25972222222222224
0.003125
0.0
0.034027777777777775
0.0
0.2795138888888889
0.15590277777777778
0.096875
0.0
0.0
0.0
0.0
0.0
0.0
0.0
0.0
0.0
0.0
1.0
0.0
0.0
0.0
0.0
0.0
0.0
0.0
0.0
0.0
0.0
0.0
0.0
0.0
0.0
0.0
0.0
0.0
0.0
0.0
0.0
0.0
